-8.610231080701041151e+00 -7.763391326041718443e+00 -8.805501586183259732e+00 -8.121714951852334607e+00
-7.991967197886793883e+00 -7.458379334236699520e+00 -8.120012803619673036e+00 -8.039233516440070559e+00
-7.973588879603981994e+00 -7.175792673646366637e+00 -8.347451912513765393e+00 -7.827549486382569199e+00
-7.272405453571181511e+00 -6.861910560272882265e+00 -8.072345300526988510e+00 -7.527052699011378856e+00
-6.960555192850975459e+00 -6.514515978056042655e+00 -7.251342783107110002e+00 -7.289355146644091121e+00
-6.667442968015716787e+00 -6.137317128451408976e+00 -6.929034686916338615e+00 -6.902370762449468344e+00
-6.306330655746243963e+00 -5.740131965097255318e+00 -6.588693610111681309e+00 -6.592130843920093852e+00
-5.914194030077151609e+00 -5.316595131122375584e+00 -6.212023938430744963e+00 -6.271137475093856217e+00
-5.517445102368535359e+00 -4.823873468766597838e+00 -6.024588357567442820e+00 -5.717636378444962197e+00
-4.699544195419036896e+00 -4.218018634753368801e+00 -5.294468441026240590e+00 -5.269784526357792487e+00
-4.168909811285232081e+00 -4.113065086151882710e+00 -3.507288130118001668e+00 -4.762865020948753525e+00
-3.556553031742642368e+00 -3.520938847551851048e+00 -2.716637477673045975e+00 -4.117233191849696716e+00
-8.491540013122556019e+00 -7.942270058494403706e+00 -8.963986194636341054e+00 -1.002792663836919118e+01
-7.712911922835758105e+00 -8.913669904951660783e+00 -9.174434417373021233e+00 -9.113832565509046191e+00
-7.662230757931069114e+00 -1.101038518730060467e+01 -1.394809295483176648e+01 -9.274931086580863848e+00
-7.285726735796755449e+00 -1.488475304898584994e+01 -1.186711176658820932e+01 -8.825832537812210887e+00
-6.897372885223973071e+00 -2.379700553504950733e+01 -7.298880577205487441e+00 -7.256793785629628957e+00
-6.717709463992470376e+00 -6.593303560931042639e+00 -2.589030776191510341e+01 -7.023521561076499609e+00
-6.322672061693037193e+00 -6.200822878399675275e+00 -6.365082845838374581e+00 -6.447233580400241415e+00
-5.733109355259975892e+00 -5.910281625035724851e+00 -6.020916378720279738e+00 -6.015338731632102309e+00
-5.721499969369215677e+00 -5.435720341283975188e+00 -2.087894205014340798e+01 -5.911804720020283455e+00
-4.703796143742339453e+00 -8.489691536460821197e+00 -2.451631863281249935e+01 -5.584552589102108833e+00
-3.524413521729526710e+00 -2.731678771450673615e+00 -1.372889217869441403e+01 -5.251860633918520982e+00
-3.536379223505957015e+00 -2.903615972806148804e+00 -1.903010940478869317e+00 -3.611347489731624449e+00
-8.609493557633712157e+00 -8.148755079688298153e+00 -1.145380476831256544e+01 -8.476119017479948781e+00
-7.942350530800425190e+00 -1.358708931303411482e+01 -1.046539971933282516e+02 -1.003291354749176634e+01
-8.959721946927935221e+00 -8.532998935349635161e+00 -1.092519960937499945e+02 -8.730188986120181127e+00
-7.911503690262359001e+00 -4.554323503872369372e+01 -1.039698447602329594e+02 -8.695918999393832394e+00
-7.242396038293220428e+00 -7.061140255850810732e+00 -9.268662455789390719e+01 -7.393673906217015812e+00
-6.828214123998315621e+00 -2.357411605785418374e+01 -9.278419084162639763e+01 -6.929410386891217577e+00
-6.487075410337064696e+00 -4.356368999707154188e+01 -5.270442323254882666e+01 -4.465474162161413574e+01
-6.028498002371597053e+00 -3.711397914837530010e+01 -9.134097421234463354e+01 -5.867994934123446527e+00
-3.913112588153066618e+00 -3.510082611192217428e+00 -7.771235348130709042e+01 -4.959383148213292181e+00
-3.071809831640624822e+00 -2.753662599782768172e+00 -5.043874999999999886e+01 -3.102407987714843607e+00
-2.730502189987182415e+00 -1.900415763579596184e+00 -7.872846307063279880e+01 -1.288040937499999927e+01
-2.714688947630931715e+00 -1.870390624999999973e+00 -1.000000000000000000e+00 -2.712890583483940521e+00
-8.335455904736168264e+00 -1.072297486142895764e+02 -1.371881122075511605e+01 -1.902010412634196257e+01
0.000000000000000000e+00 0.000000000000000000e+00 0.000000000000000000e+00 0.000000000000000000e+00
0.000000000000000000e+00 0.000000000000000000e+00 0.000000000000000000e+00 0.000000000000000000e+00
0.000000000000000000e+00 0.000000000000000000e+00 0.000000000000000000e+00 0.000000000000000000e+00
0.000000000000000000e+00 0.000000000000000000e+00 0.000000000000000000e+00 0.000000000000000000e+00
0.000000000000000000e+00 0.000000000000000000e+00 0.000000000000000000e+00 0.000000000000000000e+00
0.000000000000000000e+00 0.000000000000000000e+00 0.000000000000000000e+00 0.000000000000000000e+00
0.000000000000000000e+00 0.000000000000000000e+00 0.000000000000000000e+00 0.000000000000000000e+00
0.000000000000000000e+00 0.000000000000000000e+00 0.000000000000000000e+00 0.000000000000000000e+00
0.000000000000000000e+00 0.000000000000000000e+00 0.000000000000000000e+00 0.000000000000000000e+00
0.000000000000000000e+00 0.000000000000000000e+00 0.000000000000000000e+00 0.000000000000000000e+00
0.000000000000000000e+00 0.000000000000000000e+00 0.000000000000000000e+00 0.000000000000000000e+00
