-8.611133416123438522e+00 -7.832306714812269810e+00 -8.690491943586676982e+00 -8.519747532641247290e+00
-8.397140818422187181e+00 -7.603304260761605704e+00 -8.274264492554223693e+00 -8.308038263906716736e+00
-7.905175632753440595e+00 -7.314268456094920268e+00 -1.032372408313957735e+01 -8.338160440890954206e+00
-7.536719267287079305e+00 -6.963304189534271771e+00 -8.599626914593883953e+00 -7.865658199758289726e+00
-7.281221764825192011e+00 -6.568337124230239965e+00 -7.653762031478498429e+00 -7.570209568009833134e+00
-7.197882136390460595e+00 -6.147156887713686402e+00 -7.268534638970400863e+00 -7.122950391013958438e+00
-6.569690944300720759e+00 -5.700904329801149473e+00 -7.085879114485049257e+00 -7.325103344844057673e+00
-6.125141899633968379e+00 -5.217940218263672492e+00 -6.484102360581405655e+00 -6.802404108577881026e+00
-5.832785356428964008e+00 -4.685677924788937077e+00 -6.754176268186494525e+00 -5.960057264240962382e+00
-5.586294467196955438e+00 -4.095105576858489194e+00 -7.880710859547614078e+00 -6.128452873187523409e+00
-4.260405274010684806e+00 -3.439000000000000057e+00 -3.606008879877497186e+00 -6.687755537073567069e+00
-3.635492893859765040e+00 -3.884543485030897081e+00 -2.709999999999999964e+00 -4.195266436137409016e+00
-8.021502168773913866e+00 -8.968387533044797522e+00 -8.734827146932069297e+00 -8.531219787052174652e+00
-8.055161193312091683e+00 -8.830254892111257803e+00 -1.180520046225854003e+01 -8.895081243565321927e+00
-8.151128308835204450e+00 -1.270419899772752004e+01 -8.659782463816885212e+00 -9.119596131417017304e+00
-7.684342626278770183e+00 -8.620876737401346190e+00 -1.899330865268645496e+01 -8.559086578536286183e+00
-7.669610095520225990e+00 -1.015882058197346183e+01 -1.108505456234882658e+01 -9.536704297606950931e+00
-6.887550622635459696e+00 -9.195214631874085498e+00 -1.802869664475630174e+01 -9.157567231799365715e+00
-6.529305079989340399e+00 -9.667951861817179804e+00 -2.241723868804697162e+01 -1.298561658120956963e+01
-5.886870095674870740e+00 -9.551969135495752994e+00 -1.035114005651983504e+01 -8.461457731800535953e+00
-5.597038081480340210e+00 -9.722720844522111605e+00 -8.529419374468524495e+00 -8.264833449063893056e+00
-9.623839561538643395e+00 -2.346205182879240425e+01 -1.548510468256337447e+01 -8.424352451468335445e+00
-4.423158556372458250e+00 -2.711009502230683488e+00 -2.494746475933807517e+01 -5.463291019667832593e+00
-3.488881025656163981e+00 -2.910698095469538949e+00 -1.899999999999999911e+00 -3.465964472648751737e+00
-8.191698240316753754e+00 -9.101579561050503031e+00 -1.583875106604118344e+01 -8.784550230580563834e+00
-8.303306349562742383e+00 -1.971199179905023513e+01 -1.080183575803722249e+02 -1.023954279600489059e+01
-1.131769535357977219e+01 -8.385659489411370515e+00 -7.975280396695170282e+01 -2.130332678479782516e+01
-1.318452539941553603e+01 -9.560687380256668533e+00 -5.081946406250000337e+01 -9.772151131754874598e+00
-8.430558935540107157e+00 -1.394691411389386992e+01 -1.004781594481237903e+02 -1.650354183266185615e+01
-1.690158329217646838e+01 -1.447576516714256556e+01 -5.129155306835937722e+01 -9.928414124187940004e+00
-8.310596603902080659e+00 -3.940705536310567680e+01 -7.732290585363867308e+01 -1.112382773805180847e+01
-1.341144628594993193e+01 -8.111268967341601410e+00 -7.961773275849992615e+01 -2.175813015448293442e+01
-6.304817776868729240e+00 -5.143691789184158125e+01 -7.945343665153573909e+01 -1.049181249158012363e+01
-9.493372712111542100e+00 -3.527082843036814808e+01 -1.040686837251735852e+02 -7.064261369529104329e+00
-3.196563245481664595e+00 -1.950720129233964428e+00 -1.007101420892795431e+02 -4.478880513353615811e+00
-2.733396185121167221e+00 -1.900000001715041797e+00 -1.000000000000000000e+00 -2.848002376045137396e+00
-8.353102079814355818e+00 -1.180557372447060516e+02 -5.865584974369774329e+01 -2.067007883972610216e+01
0.000000000000000000e+00 0.000000000000000000e+00 0.000000000000000000e+00 0.000000000000000000e+00
0.000000000000000000e+00 0.000000000000000000e+00 0.000000000000000000e+00 0.000000000000000000e+00
0.000000000000000000e+00 0.000000000000000000e+00 0.000000000000000000e+00 0.000000000000000000e+00
0.000000000000000000e+00 0.000000000000000000e+00 0.000000000000000000e+00 0.000000000000000000e+00
0.000000000000000000e+00 0.000000000000000000e+00 0.000000000000000000e+00 0.000000000000000000e+00
0.000000000000000000e+00 0.000000000000000000e+00 0.000000000000000000e+00 0.000000000000000000e+00
0.000000000000000000e+00 0.000000000000000000e+00 0.000000000000000000e+00 0.000000000000000000e+00
0.000000000000000000e+00 0.000000000000000000e+00 0.000000000000000000e+00 0.000000000000000000e+00
0.000000000000000000e+00 0.000000000000000000e+00 0.000000000000000000e+00 0.000000000000000000e+00
0.000000000000000000e+00 0.000000000000000000e+00 0.000000000000000000e+00 0.000000000000000000e+00
0.000000000000000000e+00 0.000000000000000000e+00 0.000000000000000000e+00 0.000000000000000000e+00
