-7.907986346801097355e+00 -7.712319188995143904e+00 -7.712318212827339536e+00 -7.921384260402906108e+00
-7.711334103283217445e+00 -7.458134167595061648e+00 -7.458134169406273273e+00 -7.926348518818386424e+00
-7.457354437002690517e+00 -7.175704635033594236e+00 -7.175704635072098547e+00 -7.709338616946716627e+00
-7.175703738634552131e+00 -6.861894039091609443e+00 -6.861894039094051934e+00 -7.458012034272794466e+00
-6.856023473006099600e+00 -6.513215598999163802e+00 -6.513215598999545719e+00 -7.175684029119632434e+00
-6.513102690605945710e+00 -6.125795109999822685e+00 -6.125795109999874200e+00 -6.861884158987461291e+00
-6.125547593633589472e+00 -5.695327899999982790e+00 -5.695327899999986343e+00 -6.513109182143615783e+00
-5.692677469172308768e+00 -5.217030999999998642e+00 -5.217030999999998642e+00 -6.125063012367565562e+00
-5.217021543361417990e+00 -4.685589999999999478e+00 -4.685589999999999478e+00 -5.695281519293427408e+00
-4.685588182210222108e+00 -4.095100000000000406e+00 -4.095100000000000406e+00 -5.216712562807717113e+00
-4.094905091379098749e+00 -3.439000000000000057e+00 -3.439000000000000057e+00 -4.685322828779613147e+00
-3.438999903174597250e+00 -3.438999966116623064e+00 -2.709999999999999964e+00 -4.095091928793895164e+00
-7.941081812260987860e+00 -7.458134171671000345e+00 -7.458134171671000345e+00 -7.712320736507376040e+00
-7.712320745801243049e+00 -7.175704635189999792e+00 -7.175704635189999792e+00 -7.712320754503570797e+00
-7.458134170812505737e+00 -6.861894039099999176e+00 -6.861894039099999176e+00 -7.458134171671000345e+00
-7.175704635154218636e+00 -6.513215598999998690e+00 -6.513215598999998690e+00 -7.175704635189620539e+00
-6.861894039097180986e+00 -6.125795109999998544e+00 -6.125795109999998544e+00 -6.861894039099988518e+00
-6.513215598991775934e+00 -5.695327899999998778e+00 -5.695327899999998778e+00 -6.513215598999989808e+00
-6.125795109999343069e+00 -5.217030999999998642e+00 -5.217030999999998642e+00 -6.125795109999998544e+00
-5.695327899999815813e+00 -4.685589999999999478e+00 -4.685589999999999478e+00 -5.695327899999651500e+00
-5.217030999999996865e+00 -4.095100000000000406e+00 -4.095100000000000406e+00 -5.217030999999616725e+00
-4.685589999932876282e+00 -3.439000000000000057e+00 -3.439000000000000057e+00 -4.685589999999137945e+00
-4.095100000000000406e+00 -2.709999999999999964e+00 -2.709999999999999964e+00 -4.095099999999998630e+00
-3.438999999999999613e+00 -2.709999999999999964e+00 -1.899999999999999911e+00 -3.439000000000000057e+00
-7.712320754503899423e+00 -7.175704635189999792e+00 -7.712320754503899423e+00 -7.458134171671000345e+00
-7.458134171671000345e+00 -6.861894039099999176e+00 -1.067123207545039065e+02 -7.458134171671000345e+00
-7.175704635189999792e+00 -6.513215598999998690e+00 -1.067123207545039065e+02 -7.175704635189999792e+00
-6.861894039099999176e+00 -6.125795109999998544e+00 -1.067123207545039065e+02 -6.861894039099999176e+00
-6.513215598999998690e+00 -5.695327899999998778e+00 -1.067123207545039065e+02 -6.513215598999998690e+00
-6.125795109999998544e+00 -5.217030999999998642e+00 -1.067123207545039065e+02 -6.125795109999998544e+00
-5.695327899999998778e+00 -4.685589999999999478e+00 -1.067123207545039065e+02 -5.695327899999998778e+00
-5.217030999999998642e+00 -4.095100000000000406e+00 -1.067123207545039065e+02 -5.217030999999998642e+00
-4.685589999999999478e+00 -3.439000000000000057e+00 -1.067123207545039065e+02 -4.685589999999999478e+00
-4.095100000000000406e+00 -2.709999999999999964e+00 -1.067123207545039065e+02 -4.095100000000000406e+00
-3.439000000000000057e+00 -1.899999999999999911e+00 -1.067123207545039065e+02 -3.439000000000000057e+00
-2.709999999999999964e+00 -1.899999999999999911e+00 -1.000000000000000000e+00 -2.709999999999999964e+00
-7.458134171671000345e+00 -1.067123207545039065e+02 -7.712320754503899423e+00 -7.712320754503899423e+00
0.000000000000000000e+00 0.000000000000000000e+00 0.000000000000000000e+00 0.000000000000000000e+00
0.000000000000000000e+00 0.000000000000000000e+00 0.000000000000000000e+00 0.000000000000000000e+00
0.000000000000000000e+00 0.000000000000000000e+00 0.000000000000000000e+00 0.000000000000000000e+00
0.000000000000000000e+00 0.000000000000000000e+00 0.000000000000000000e+00 0.000000000000000000e+00
0.000000000000000000e+00 0.000000000000000000e+00 0.000000000000000000e+00 0.000000000000000000e+00
0.000000000000000000e+00 0.000000000000000000e+00 0.000000000000000000e+00 0.000000000000000000e+00
0.000000000000000000e+00 0.000000000000000000e+00 0.000000000000000000e+00 0.000000000000000000e+00
0.000000000000000000e+00 0.000000000000000000e+00 0.000000000000000000e+00 0.000000000000000000e+00
0.000000000000000000e+00 0.000000000000000000e+00 0.000000000000000000e+00 0.000000000000000000e+00
0.000000000000000000e+00 0.000000000000000000e+00 0.000000000000000000e+00 0.000000000000000000e+00
0.000000000000000000e+00 0.000000000000000000e+00 0.000000000000000000e+00 0.000000000000000000e+00
